# P(hPa)   Th(K)    q(kg/kg) RH
   700.0   300.0    0.001    0.213
   701.0   300.0    0.001    0.211
   702.0   300.0    0.001    0.210
   703.0   300.0    0.001    0.208
   704.0   300.0    0.001    0.207
   705.0   300.0    0.001    0.206
   706.0   300.0    0.001    0.204
   707.0   300.0    0.001    0.203
   708.0   300.0    0.001    0.202
   709.0   300.0    0.001    0.200
   710.0   300.0    0.001    0.199
   711.0   300.0    0.001    0.198
   712.0   300.0    0.001    0.196
   713.0   300.0    0.001    0.195
   714.0   300.0    0.001    0.194
   715.0   300.0    0.001    0.192
   716.0   300.0    0.001    0.191
   717.0   300.0    0.001    0.190
   718.0   300.0    0.001    0.189
   719.0   300.0    0.001    0.187
   720.0   300.0    0.001    0.186
   721.0   300.0    0.001    0.185
   722.0   300.0    0.001    0.184
   723.0   300.0    0.001    0.183
   724.0   300.0    0.001    0.181
   725.0   300.0    0.001    0.180
   726.0   300.0    0.001    0.179
   727.0   300.0    0.001    0.178
   728.0   300.0    0.001    0.177
   729.0   300.0    0.001    0.176
   730.0   300.0    0.001    0.174
   731.0   300.0    0.001    0.173
   732.0   300.0    0.001    0.172
   733.0   300.0    0.001    0.171
   734.0   300.0    0.001    0.170
   735.0   300.0    0.001    0.169
   736.0   300.0    0.001    0.168
   737.0   300.0    0.001    0.167
   738.0   300.0    0.001    0.166
   739.0   300.0    0.001    0.165
   740.0   300.0    0.001    0.164
   741.0   300.0    0.001    0.163
   742.0   300.0    0.001    0.162
   743.0   300.0    0.001    0.161
   744.0   300.0    0.001    0.160
   745.0   300.0    0.001    0.159
   746.0   300.0    0.001    0.158
   747.0   300.0    0.001    0.157
   748.0   300.0    0.001    0.156
   749.0   300.0    0.001    0.155
   750.0   300.0    0.001    0.154
   751.0   300.0    0.001    0.153
   752.0   300.0    0.001    0.152
   753.0   300.0    0.001    0.151
   754.0   300.0    0.001    0.150
   755.0   300.0    0.001    0.149
   756.0   300.0    0.001    0.148
   757.0   300.0    0.001    0.147
   758.0   300.0    0.001    0.146
   759.0   300.0    0.001    0.145
   760.0   300.0    0.001    0.145
   761.0   300.0    0.001    0.144
   762.0   300.0    0.001    0.143
   763.0   300.0    0.001    0.142
   764.0   300.0    0.001    0.141
   765.0   300.0    0.001    0.140
   766.0   300.0    0.001    0.139
   767.0   300.0    0.001    0.139
   768.0   300.0    0.001    0.138
   769.0   300.0    0.001    0.137
   770.0   300.0    0.001    0.136
   771.0   300.0    0.001    0.135
   772.0   300.0    0.001    0.134
   773.0   300.0    0.001    0.134
   774.0   300.0    0.001    0.133
   775.0   300.0    0.001    0.132
   776.0   300.0    0.001    0.131
   777.0   300.0    0.001    0.130
   778.0   300.0    0.001    0.130
   779.0   300.0    0.001    0.129
   780.0   300.0    0.001    0.128
   781.0   300.0    0.001    0.127
   782.0   300.0    0.001    0.127
   783.0   300.0    0.001    0.126
   784.0   300.0    0.001    0.125
   785.0   300.0    0.001    0.124
   786.0   300.0    0.001    0.124
   787.0   300.0    0.001    0.123
   788.0   300.0    0.001    0.122
   789.0   300.0    0.001    0.122
   790.0   300.0    0.001    0.121
   791.0   300.0    0.001    0.120
   792.0   300.0    0.001    0.120
   793.0   300.0    0.001    0.119
   794.0   300.0    0.001    0.118
   795.0   300.0    0.001    0.117
   796.0   300.0    0.001    0.117
   797.0   300.0    0.001    0.116
   798.0   300.0    0.001    0.115
   799.0   300.0    0.001    0.115
   800.0   300.0    0.001    0.114
   801.0   300.0    0.001    0.113
   802.0   300.0    0.001    0.113
   803.0   300.0    0.001    0.112
   804.0   300.0    0.001    0.112
   805.0   300.0    0.001    0.111
   806.0   300.0    0.001    0.110
   807.0   300.0    0.001    0.110
   808.0   300.0    0.001    0.109
   809.0   300.0    0.001    0.108
   810.0   300.0    0.001    0.108
   811.0   300.0    0.001    0.107
   812.0   300.0    0.001    0.107
   813.0   300.0    0.001    0.106
   814.0   300.0    0.001    0.105
   815.0   300.0    0.001    0.105
   816.0   300.0    0.001    0.104
   817.0   300.0    0.001    0.104
   818.0   300.0    0.001    0.103
   819.0   300.0    0.001    0.103
   820.0   300.0    0.001    0.102
   821.0   300.0    0.001    0.101
   822.0   300.0    0.001    0.101
   823.0   300.0    0.001    0.100
   824.0   300.0    0.001    0.100
   825.0   300.0    0.001    0.099
   826.0   300.0    0.001    0.099
   827.0   300.0    0.001    0.098
   828.0   300.0    0.001    0.098
   829.0   300.0    0.001    0.097
   830.0   300.0    0.001    0.097
   831.0   300.0    0.001    0.096
   832.0   300.0    0.001    0.095
   833.0   300.0    0.001    0.095
   834.0   300.0    0.001    0.094
   835.0   300.0    0.001    0.094
   836.0   300.0    0.001    0.093
   837.0   300.0    0.001    0.093
   838.0   300.0    0.001    0.092
   839.0   300.0    0.001    0.092
   840.0   300.0    0.001    0.091
   841.0   300.0    0.001    0.091
   842.0   300.0    0.001    0.090
   843.0   300.0    0.001    0.090
   844.0   300.0    0.001    0.090
   845.0   300.0    0.001    0.089
   846.0   300.0    0.001    0.089
   847.0   300.0    0.001    0.088
   848.0   300.0    0.001    0.088
   849.0   300.0    0.001    0.087
   850.0   290.0    0.010    1.681
   851.0   290.0    0.010    1.672
   852.0   290.0    0.010    1.663
   853.0   290.0    0.010    1.654
   854.0   290.0    0.010    1.645
   855.0   290.0    0.010    1.636
   856.0   290.0    0.010    1.627
   857.0   290.0    0.010    1.618
   858.0   290.0    0.010    1.609
   859.0   290.0    0.010    1.601
   860.0   290.0    0.010    1.592
   861.0   290.0    0.010    1.584
   862.0   290.0    0.010    1.575
   863.0   290.0    0.010    1.567
   864.0   290.0    0.010    1.558
   865.0   290.0    0.010    1.550
   866.0   290.0    0.010    1.542
   867.0   290.0    0.010    1.534
   868.0   290.0    0.010    1.525
   869.0   290.0    0.010    1.517
   870.0   290.0    0.010    1.509
   871.0   290.0    0.010    1.501
   872.0   290.0    0.010    1.493
   873.0   290.0    0.010    1.486
   874.0   290.0    0.010    1.478
   875.0   290.0    0.010    1.470
   876.0   290.0    0.010    1.462
   877.0   290.0    0.010    1.455
   878.0   290.0    0.010    1.447
   879.0   290.0    0.010    1.439
   880.0   290.0    0.010    1.432
   881.0   290.0    0.010    1.424
   882.0   290.0    0.010    1.417
   883.0   290.0    0.010    1.410
   884.0   290.0    0.010    1.402
   885.0   290.0    0.010    1.395
   886.0   290.0    0.010    1.388
   887.0   290.0    0.010    1.381
   888.0   290.0    0.010    1.374
   889.0   290.0    0.010    1.367
   890.0   290.0    0.010    1.360
   891.0   290.0    0.010    1.353
   892.0   290.0    0.010    1.346
   893.0   290.0    0.010    1.339
   894.0   290.0    0.010    1.332
   895.0   290.0    0.010    1.325
   896.0   290.0    0.010    1.318
   897.0   290.0    0.010    1.312
   898.0   290.0    0.010    1.305
   899.0   290.0    0.010    1.298
   900.0   290.0    0.010    1.292
   901.0   290.0    0.010    1.285
   902.0   290.0    0.010    1.279
   903.0   290.0    0.010    1.272
   904.0   290.0    0.010    1.266
   905.0   290.0    0.010    1.260
   906.0   290.0    0.010    1.253
   907.0   290.0    0.010    1.247
   908.0   290.0    0.010    1.241
   909.0   290.0    0.010    1.235
   910.0   290.0    0.010    1.228
   911.0   290.0    0.010    1.222
   912.0   290.0    0.010    1.216
   913.0   290.0    0.010    1.210
   914.0   290.0    0.010    1.204
   915.0   290.0    0.010    1.198
   916.0   290.0    0.010    1.192
   917.0   290.0    0.010    1.186
   918.0   290.0    0.010    1.181
   919.0   290.0    0.010    1.175
   920.0   290.0    0.010    1.169
   921.0   290.0    0.010    1.163
   922.0   290.0    0.010    1.157
   923.0   290.0    0.010    1.152
   924.0   290.0    0.010    1.146
   925.0   290.0    0.010    1.141
   926.0   290.0    0.010    1.135
   927.0   290.0    0.010    1.129
   928.0   290.0    0.010    1.124
   929.0   290.0    0.010    1.119
   930.0   290.0    0.010    1.113
   931.0   290.0    0.010    1.108
   932.0   290.0    0.010    1.102
   933.0   290.0    0.010    1.097
   934.0   290.0    0.010    1.092
   935.0   290.0    0.010    1.086
   936.0   290.0    0.010    1.081
   937.0   290.0    0.010    1.076
   938.0   290.0    0.010    1.071
   939.0   290.0    0.010    1.066
   940.0   290.0    0.010    1.061
   941.0   290.0    0.010    1.056
   942.0   290.0    0.010    1.050
   943.0   290.0    0.010    1.045
   944.0   290.0    0.010    1.041
   945.0   290.0    0.010    1.036
   946.0   290.0    0.010    1.031
   947.0   290.0    0.010    1.026
   948.0   290.0    0.010    1.021
   949.0   290.0    0.010    1.016
   950.0   290.0    0.010    1.011
   951.0   290.0    0.010    1.006
   952.0   290.0    0.010    1.002
   953.0   290.0    0.010    0.997
   954.0   290.0    0.010    0.992
   955.0   290.0    0.010    0.988
   956.0   290.0    0.010    0.983
   957.0   290.0    0.010    0.978
   958.0   290.0    0.010    0.974
   959.0   290.0    0.010    0.969
   960.0   290.0    0.010    0.965
   961.0   290.0    0.010    0.960
   962.0   290.0    0.010    0.956
   963.0   290.0    0.010    0.951
   964.0   290.0    0.010    0.947
   965.0   290.0    0.010    0.943
   966.0   290.0    0.010    0.938
   967.0   290.0    0.010    0.934
   968.0   290.0    0.010    0.930
   969.0   290.0    0.010    0.925
   970.0   290.0    0.010    0.921
   971.0   290.0    0.010    0.917
   972.0   290.0    0.010    0.913
   973.0   290.0    0.010    0.908
   974.0   290.0    0.010    0.904
   975.0   290.0    0.010    0.900
   976.0   290.0    0.010    0.896
   977.0   290.0    0.010    0.892
   978.0   290.0    0.010    0.888
   979.0   290.0    0.010    0.884
   980.0   290.0    0.010    0.880
   981.0   290.0    0.010    0.876
   982.0   290.0    0.010    0.872
   983.0   290.0    0.010    0.868
   984.0   290.0    0.010    0.864
   985.0   290.0    0.010    0.860
   986.0   290.0    0.010    0.856
   987.0   290.0    0.010    0.852
   988.0   290.0    0.010    0.849
   989.0   290.0    0.010    0.845
   990.0   290.0    0.010    0.841
   991.0   290.0    0.010    0.837
   992.0   290.0    0.010    0.834
   993.0   290.0    0.010    0.830
   994.0   290.0    0.010    0.826
   995.0   290.0    0.010    0.822
   996.0   290.0    0.010    0.819
   997.0   290.0    0.010    0.815
   998.0   290.0    0.010    0.812
   999.0   290.0    0.010    0.808
  1000.0   290.0    0.010    0.804
