# rainfall (mm/day)
 0.00
 0.00
 0.00
 0.05
 2.40
20.80
65.05
63.55
24.75
 0.00
 0.00
 0.00
 0.00
 0.00
 0.00
 0.00
 0.00
 0.00
13.15
 1.30
 0.00
 2.20
 0.00
 0.00
 0.00
 0.00
 0.00
10.50
11.10
 9.95
22.75
 4.45
 7.35
27.80
26.60
21.70
 0.00
15.10
10.90
 3.75
 5.65
 7.95
 0.00
 0.00
 0.00
 0.00
 0.00
 0.00
 0.00
 0.00
 0.00
 0.00
22.05
 0.05
 0.00
 6.45
 0.05
 0.00
16.85
 0.00
 0.00
 0.00
 0.00
 2.50
 0.00
 0.90
30.45
 0.00
 0.00
 0.00
 0.00
 0.00
 0.00
 1.65
 0.00
 0.00
 0.00
 0.00
 7.45
 0.65
 0.00
 0.00
 0.00
 0.00
 0.00
 0.00
 0.00
 0.00
 0.00
 0.00
 0.00
 0.00
 0.00
 0.00
 0.00
 1.10
 3.00
 0.00
 0.00
 0.00
 0.00
17.25
 0.00
 1.40
 7.90
 5.55
14.60
 0.00
 0.00
 0.00
 0.00
 0.00
 0.65
13.60
 0.00
 0.00
 0.00
 0.00
 0.00
 0.00
 0.00
 0.00
 0.50
 0.00
 0.00
 0.00
 0.00
19.15
 0.00
 0.00
 0.00
 0.00
 0.00
 0.00
 0.00
 0.00
 0.00
 0.00
 0.00
 0.00
 0.00
 0.00
 0.00
 0.00
 0.00
 0.00
 0.00
 0.00
 4.50
 2.60
 0.00
 0.85
 0.00
 0.00
 0.00
 8.60
16.10
 0.00
 0.00
 0.00
 8.45
 7.05
 0.00
 0.00
 0.20
 3.40
 0.00
 0.00
 5.60
 0.00
 0.00
 1.25
 0.80
 0.80
 0.00
 0.05
 0.00
 0.00
 0.00
12.70
 4.90
 0.00
 0.00
 0.00
 0.00
 0.00
 0.00
14.05
 0.00
 0.00
25.25
48.45
 0.00
 0.00
 0.00
 0.00
 0.00
 0.00
 0.00
 0.00
 0.00
26.15
 7.85
 0.00
 0.05
 8.40
 0.00
 1.35
 0.00
 0.00
 0.00
 0.00
 0.00
 0.00
11.85
 6.15
 0.00
 1.75
 2.55
 0.00
 0.15
 0.00
 3.50
 6.60
 2.20
 8.05
 0.20
 0.00
11.50
 4.65
 3.50
 0.00
 0.00
 0.00
 0.00
 3.45
 3.30
 2.75
10.20
 9.00
17.70
18.60
 4.35
11.85
 0.00
 0.00
 0.00
 0.45
 1.10
22.25
57.85
14.75
 6.60
 0.00
 0.00
 0.00
 0.00
18.80
 2.40
 0.00
 0.00
 0.00
 0.00
 0.00
 0.00
 0.25
13.65
 0.10
10.70
11.85
11.05
13.95
 0.00
 0.00
 0.00
 0.00
 3.05
 0.10
 1.80
 0.05
 5.80
10.90
 6.80
15.25
24.70
 1.05
 0.00
 0.00
 1.80
33.40
 0.05
 5.80
 0.00
 0.00
 0.00
 6.90
 0.00
 0.00
 0.00
 0.00
 0.00
 0.00
 1.00
 5.85
 3.70
15.05
 0.05
 0.00
 5.50
 0.00
 0.00
 0.00
 0.00
 0.20
 0.00
 0.00
 0.00
 0.00
 0.00
 0.00
 3.75
 0.00
21.00
 0.00
 0.95
12.75
 4.20
 0.00
 0.00
 2.75
 0.00
 1.75
 0.00
 0.00
 0.00
 0.00
 0.00
 0.00
 0.00
 0.00
 0.85
 0.50
 2.25
 1.15
 0.95
 0.00
 1.40
 2.25
 0.00
 0.00
 1.45
 0.00
 0.00
 0.00
 0.00
 0.00
22.00
15.75
 1.00
 0.00
 7.75
 0.10
 0.35
 0.00
 2.60
 1.75
 3.70
 4.90
 0.00
 3.40
 8.10
 0.00
 0.00
 0.00
 0.00
 0.00
 0.00
 0.00
 0.00
 0.00
15.10
 5.00
 0.00
 0.00
 1.05
 6.00
 0.00
 0.00
 0.00
 0.00
 0.00
 0.00
 0.00
 0.00
 0.00
 0.00
 0.00
 0.00
 0.00
 0.10
 0.00
 0.00
 0.00
 0.00
 0.00
 0.00
 0.00
 0.00
 0.00
 0.00
 0.00
 0.00
 0.00
 0.10
 1.50
 0.00
 0.00
 3.90
 2.65
52.60
 0.40
 0.00
 0.00
 0.00
 0.00
 0.00
 9.75
 0.00
 0.05
 9.85
30.35
17.40
43.45
20.50
 0.00
 0.00
 0.00
 0.00
 6.35
 0.00
 0.45
 0.00
 0.00
 0.00
 0.00
 0.00
 3.70
 5.40
16.80
 0.00
 0.00
 0.00
12.70
 3.90
 0.65
 5.25
 0.00
 0.40
 0.00
 0.00
 0.00
 0.00
 0.00
 0.00
 0.00
18.45
 0.05
 2.65
 2.50
 1.75
30.45
 0.00
 0.00
 7.10
 5.80
28.05
 9.70
 0.00
 0.00
 0.00
 0.00
 0.00
 0.00
 0.00
 0.00
60.05
13.70
 1.45
 0.00
 0.35
14.70
10.05
 0.05
15.10
 0.20
 0.00
 0.00
 0.00
 0.00
 0.00
 0.00
54.00
 0.00
 0.00
53.60
 0.00
 0.00
 2.50
 0.00
 0.00
 0.00
 9.45
42.65
 0.00
 0.00
 0.00
14.90
 0.00
 0.50
 4.20
 8.20
 0.00
 0.00
 0.00
 0.00
13.80
95.60
35.10
28.80
56.35
 0.00
 0.00
 0.00
 0.00
 0.00
 0.00
 0.00
 3.00
40.90
 7.50
23.40
 6.10
16.35
 0.00
 0.05
 0.15
 0.00
64.95
23.85
 0.00
 0.00
 0.00
 0.00
 0.00
 0.00
 0.00
 0.60
16.40
 0.00
 0.00
 0.00
 0.00
 8.70
14.70
14.90
 2.20
 6.60
41.00
26.75
 3.40
 0.00
17.75
 5.40
 0.00
 0.00
 0.00
 0.00
 0.00
 0.00
 0.00
 0.00
 0.00
 0.00
23.65
33.30
30.45
 3.15
 0.00
 0.00
 0.00
 0.00
 0.00
 0.00
 0.00
12.60
 7.15
 0.00
23.80
 0.00
 0.00
11.20
 0.00
 0.00
 0.00
 0.00
 0.00
 9.90
 0.00
 0.00
 0.00
 0.00
13.95
44.30
17.55
 0.15
 1.40
 0.00
 0.00
 0.00
 0.00
 0.00
 0.00
17.05
 2.65
 0.00
 1.20
 0.40
28.75
26.80
 0.00
 0.00
 0.00
 0.00
 0.00
10.90
66.75
25.65
48.70
14.95
 0.00
 0.00
 0.00
 0.00
 0.00
 0.00
 0.00
 1.95
 0.00
 0.00
 0.00
 0.00
 0.45
 0.00
 0.00
 0.00
 0.00
 0.45
 0.00
 0.00
 0.00
 0.00
 0.00
 0.00
 0.00
 0.00
 0.00
 1.60
 0.00
 1.20
 0.00
 0.00
 0.00
 0.00
 2.15
 0.00
 0.00
 2.10
 0.00
 0.00
 0.00
 0.00
 0.00
 0.00
 0.00
 0.00
 0.00
 0.15
 0.45
 0.00
 5.25
 3.00
 0.00
 0.00
 4.95
 0.00
 0.00
 0.85
 0.45
 0.00
 0.00
 0.00
 0.00
 0.55
40.20
55.35
 6.45
 0.00
 0.00
 0.00
 1.90
 0.00
 0.00
 0.00
 0.00
 0.00
 0.00
 0.00
 0.00
 7.70
 0.00
 0.20
 0.00
 0.00
 0.00
 0.00
 0.00
 0.00
14.85
15.65
 0.70
 0.00
 0.00
 0.00
 0.00
 0.00
 0.00
 0.00
 0.00
 0.00
 0.00
 0.00
 0.55
 4.45
 0.00
 0.00
 0.00
 1.05
 0.00
 0.15
 0.00
 0.00
 0.00
 0.00
 0.00
 0.00
27.45
 1.70
 1.35
 0.00
 0.00
 0.00
 0.00
 0.00
 0.00
 9.65
 8.35
 0.00
 3.95
 0.00
 0.00
 0.00
 0.00
 0.00
 1.95
 0.50
 0.00
 6.30
 0.00
 0.00
 0.00
 0.00
 0.00
 0.00
 0.00
 0.00
 0.00
 0.00
 0.00
 0.00
 0.00
 0.00
 0.00
 0.00
 2.20
15.10
 0.00
 0.00
 0.00
 0.30
81.05
 0.00
 0.50
63.50
 6.80
 0.00
 0.00
 0.00
 0.05
 7.70
 0.00
 0.00
 0.00
 1.10
 0.00
 0.00
 0.00
45.60
49.85
 0.00
 0.10
 2.10
 7.55
13.70
 1.40
 0.05
 1.20
 5.80
 2.55
 0.00
 1.05
 0.00
15.85
16.95
 0.00
 0.00
 0.00
 0.00
 0.00
 0.00
 0.00
 0.00
 0.00
 0.00
19.00
 9.30
 0.00
 0.15
 0.85
 0.00
 0.00
 0.00
 0.00
 0.00
 0.00
 0.00
 0.00
 0.00
12.85
 0.00
 0.00
 6.10
 0.00
19.80
 0.00
 0.00
 0.00
12.45
 0.00
15.10
14.60
 2.30
40.55
79.70
19.75
 0.00
 0.00
 1.05
11.05
128.80
28.75
 0.00
 2.65
 7.55
 0.00
 0.00
 0.00
 0.00
 0.00
17.45
 0.60
 0.40
 0.00
 0.00
 0.00
 0.00
77.95
 0.00
 0.00
 0.00
 0.00
 0.00
 0.00
 0.00
 0.00
 0.00
 0.00
 0.00
24.65
 0.00
 2.55
 2.15
 0.00
15.75
87.60
 0.00
 0.00
 0.00
 0.00
 0.00
 0.00
 0.00
 0.00
 0.00
 0.00
 0.00
 0.00
 0.05
 0.00
 0.00
 0.00
10.50
22.00
 0.00
 0.00
14.10
 0.00
 1.50
42.35
 7.75
 0.25
 0.00
 0.00
 0.00
 0.00
 0.75
86.95
19.05
 0.20
 0.00
 0.00
 0.00
 0.00
10.85
13.45
 5.70
 5.05
 8.25
 0.00
 0.00
 0.00
 0.00
 0.00
 0.00
 0.00
18.75
 4.35
 0.00
 0.00
 0.00
75.05
 0.00
 0.00
 0.00
16.05
12.65
 0.00
23.80
 0.00
 0.00
 0.00
 0.00
 0.65
 4.60
 6.75
 0.00
 5.55
 0.00
 0.00
 0.00
 0.00
 0.00
 2.35
 0.00
 1.95
 0.00
 0.00
 0.00
15.75
 3.20
 2.05
33.45
18.80
 0.30
 4.85
 0.00
 0.00
 0.00
 0.00
 0.10
 0.00
 0.00
 0.30
 1.30
 0.00
 2.35
 2.55
 3.40
 0.00
 0.00
 2.60
 1.10
 0.80
 0.60
 0.00
 1.70
 4.00
 3.85
 0.00
 0.00
 0.00
 0.00
 0.00
 0.00
 0.00
 0.00
 0.00
 0.00
 1.55
 0.00
 0.00
 0.00
 0.05
 0.00
 0.00
 0.10
 0.00
 0.00
12.70
 3.30
 0.00
 0.00
 0.00
 0.00
 0.00
 0.00
 1.00
 0.00
 0.20
 0.00
 0.00
 0.00
 2.50
 2.20
 1.20
 3.60
19.75
14.90
 6.25
 4.30
 0.00
 0.30
 1.00
 4.15
22.80
 2.25
12.85
 0.00
 0.00
 0.10
 7.80
 8.20
 0.10
 0.00
 1.20
 0.90
 3.00
 0.00
15.75
 5.80
 1.10
 0.00
 1.10
 2.00
 0.00
 6.20
 0.00
