Pressure Height T        RH
1009.8   00011  27.4     84 
1000.0   00098  26.4     81 
951.4    00538  24.5     88 
925.0    00785  23.0     89 
908.8    00940  22.0     91 
881.5    01205  21.5     84 
850.0    01522  20.4     75 
829.7    01730  19.2     78 
811.6    01921  18.4     80 
771.3    02358  17.0     57 
742.7    02680  15.0     58 
700.0    03179  11.9     64 
662.6    03636  9.1      63 
640.0    03924  8.4      40 
602.8    04417  5.2      62 
561.7    04991  1.7      61 
548.5    05182  0.5      51 
511.1    05745  -2.9     31 
495.8    05985  -4.3     51 
473.5    06345  -6.4     30 
437.3    06963  -9.5     30 
395.0    07743  -14.2    8 
379.3    08050  -16.2    8 
346.4    08727  -20.1    37 
309.3    09557  -26.1    51 
295.0    09898  -28.5    46 
251.9    11006  -38.2    47 
245.4    11188  -39.2    60 
200.0    12554  -50.9    46 
162.2    13881  -62.4    24 
150.0    14360  -66.4    26 
136.0    14948  -69.4    26 
