--------------------------------------------------------
   PRES   HGHT   TEMP   DWPT   RELH   MIXR   DRCT   SKNT
    hPa     m      C      C      %    g/kg    deg   knot
--------------------------------------------------------
 1014.0      7   28.2   19.2     58  14.01     30     11
 1011.0     34   26.6   18.6     61  13.52     31     11
 1000.0    131   25.6   17.6     61  12.82     35     12
  925.0    811   19.6   15.3     76  11.95     50     12
  912.0    933   19.0   13.7     72  10.94     55     12
  888.0   1162   17.8   10.8     64   9.24     52     11
  874.0   1298   18.6   -4.0     21   3.26     50     10
  864.0   1397   19.2  -14.8      9   1.41     42      9
  850.0   1537   18.4   -8.6     15   2.36     30      8
  837.0   1668   17.3   -4.9     22   3.19     20      8
  818.0   1864   15.6    0.6     36   4.91    292      6
  805.0   1999   14.6    5.0     52   6.84    230      4
  794.0   2116   13.8    8.8     72   9.03    218      4
  752.0   2572   10.6    6.4     75   8.08    170      4
  747.0   2628   10.6    1.6     54   5.78    165      4
  735.0   2763   10.0   -2.0     43   4.52    150      4
  731.0   2808   10.0    5.0     71   7.54    146      4
  727.0   2854   11.4  -11.6     19   2.18    141      4
  714.0   3005   11.8  -19.0     10   1.20    125      4
  704.0   3122   12.2  -24.8      6   0.73    125      5
  700.0   3170   12.2  -22.8      7   0.88    125      6
  684.0   3363   11.1  -17.2     12   1.46    130      8
  655.0   3723    9.0   -6.6     32   3.57    110      8
  649.0   3800    8.6   -4.4     40   4.27    132      7
  629.0   4054    7.1   -7.0     36   3.60    205      2
  604.0   4383    5.1  -10.5     31   2.87    245      4
  554.0   5085    0.9  -17.8     23   1.71    225     14
  519.0   5615   -2.3  -23.3     18   1.13    238     13
  500.0   5910   -4.5  -22.5     23   1.26    245     12
  450.0   6732   -9.7  -21.7     37   1.51    254     16
  445.0   6817  -10.3  -22.0     38   1.49    255     16
  406.0   7518  -15.3  -24.3     46   1.33    251     13
  400.0   7630  -16.1  -24.1     50   1.37    250     12
  378.0   8052  -19.3  -23.9     67   1.48    250     14
  353.0   8556  -23.5  -31.5     48   0.78    250     17
  349.0   8638  -23.8  -34.2     38   0.61    250     17
  332.0   9000  -25.1  -46.1     12   0.19    330      8
  318.0   9312  -26.3  -56.3      4   0.06    359      8
  315.0   9380  -26.8  -57.1      4   0.05      5      8
  300.0   9730  -29.1  -61.1      3   0.03      0      8
  282.0  10164  -32.6  -61.2      4   0.04    340     10
  265.0  10601  -36.0  -61.2      6   0.04    355      6
  250.0  11010  -39.3  -61.3      8   0.04     70     12
  246.0  11120  -40.1  -63.1      7   0.03     67     12
  235.0  11423  -42.8                          60     12
  221.0  11829  -46.4                          15     16
  200.0  12490  -52.3                          15     17
  173.0  13399  -58.9                          10     10
  164.0  13733  -61.3                         340     12
  152.0  14209  -64.7                         323     14
  150.0  14290  -65.1                         320     14
  132.0  15046  -69.6                         310     19
  104.0  16456  -77.9                         310     14
  103.0  16511  -78.0                         310     16
  100.0  16680  -78.1                         325     16
   82.0  17817  -77.1                          90     14
   78.6  18059  -76.9                          87     15
   77.0  18179  -75.4                          85     16
   73.0  18490  -71.5                         115     25
   72.6  18522  -71.1                                   