   1.1338716e+01
   1.1168974e+01
   1.1149129e+01
   1.1103363e+01
   1.1192456e+01
   1.1312144e+01
   1.0990425e+01
   1.1127511e+01
   1.1122119e+01
   1.1143917e+01
   1.1083113e+01
   1.1065944e+01
   1.1148680e+01
   1.1337936e+01
   1.1320645e+01
   1.1105213e+01
   1.0949099e+01
   1.1047842e+01
   1.1173119e+01
   1.1187242e+01
   1.1321527e+01
   1.1203862e+01
   1.1235615e+01
   1.1237104e+01
   1.1292035e+01
   1.1428542e+01
   1.1269333e+01
   1.1341042e+01
   1.1057267e+01
   1.1365494e+01
   1.1398529e+01
   1.1429162e+01
   1.1134172e+01
   1.1394299e+01
   1.1344234e+01
   1.1356249e+01
   1.1449557e+01
   1.1626999e+01
   1.1513638e+01
   1.1464547e+01
   1.1481390e+01
   1.1469678e+01
   1.1488384e+01
   1.1585007e+01
   1.1339520e+01
   1.1395983e+01
   1.1474302e+01
   1.1473111e+01
   1.1340979e+01
   1.1098807e+01
   1.1317477e+01
   1.1336684e+01
   1.1551238e+01
   1.1289211e+01
   1.1277935e+01
   1.0977971e+01
   1.1314236e+01
   1.1477788e+01
   1.1407808e+01
   1.1321791e+01
   1.1420830e+01
   1.1478621e+01
   1.1489632e+01
   1.1128460e+01
   1.1213560e+01
   1.1270046e+01
   1.1318116e+01
   1.1210172e+01
   1.1270597e+01
   1.1352579e+01
   1.1241234e+01
   1.1114706e+01
   1.1550729e+01
   1.1082843e+01
   1.1384454e+01
   1.1048641e+01
   1.1472685e+01
   1.1346260e+01
   1.1426725e+01
   1.1531852e+01
   1.1770583e+01
   1.1372994e+01
   1.1704653e+01
   1.1338336e+01
   1.1381968e+01
   1.1522802e+01
   1.1657572e+01
   1.1797476e+01
   1.1595191e+01
   1.1878455e+01
   1.1765313e+01
   1.1466659e+01
   1.1590897e+01
   1.1739452e+01
   1.1983140e+01
   1.1619887e+01
   1.1872809e+01
   1.2146914e+01
   1.1949362e+01
   1.1835784e+01
   1.2031836e+01
   1.2117695e+01
   1.2113600e+01
   1.2013168e+01
   1.2248214e+01
   1.2089382e+01
   1.2206258e+01
   1.1995865e+01
   1.2043811e+01
   1.2237125e+01
   1.2068154e+01
   1.2103489e+01
   1.2131718e+01
