longitude latitude
118.6387  21.21948
118.6434  21.22413
118.6480  21.22878
118.6527  21.23343
118.6573  21.23808
118.6620  21.24273
118.6666  21.24738
118.6713  21.25203
118.6759  21.25668
118.6806  21.26133
118.6852  21.26598
118.6899  21.27063
118.6945  21.27528
118.6992  21.27993
118.7038  21.28458
118.7085  21.28923
118.7131  21.29388
118.7178  21.29853
118.7224  21.30318
118.7271  21.30783
118.7317  21.31248
118.7364  21.31713
118.7410  21.32178
118.7457  21.32643
118.7503  21.33108
118.7550  21.33573
118.7596  21.34038
118.7643  21.34503
118.7689  21.34968
118.7736  21.35433
118.7782  21.35898
118.7829  21.36363
118.7875  21.36828
118.7922  21.37293
118.7968  21.37758
118.8015  21.38223
118.8061  21.38688
118.8108  21.39153
118.8154  21.39618
118.8201  21.40083
118.8247  21.40548
118.8294  21.41013
118.8340  21.41478
118.8387  21.41943
118.8433  21.42408
118.8480  21.42873
118.8526  21.43338
118.8573  21.43803
118.8619  21.44268
118.8666  21.44733
118.8712  21.45198
118.8759  21.45663
118.8805  21.46128
118.8852  21.46593
118.8898  21.47058
118.8945  21.47523
118.8991  21.47988
118.9038  21.48453
118.9084  21.48918
118.9131  21.49383
118.9177  21.49848
118.9224  21.50313
118.9270  21.50778
118.9317  21.51243
118.9363  21.51708
118.9410  21.52173
118.9456  21.52638
118.9503  21.53103
118.9549  21.53568
118.9596  21.54033
118.9642  21.54498
118.9689  21.54963
118.9735  21.55428
118.9782  21.55893
118.9828  21.56358
118.9875  21.56823
118.9921  21.57288
118.9968  21.57753
119.0014  21.58218
119.0061  21.58683
119.0107  21.59148
119.0154  21.59613
119.0200  21.60078
119.0247  21.60543
119.0293  21.61008
119.0340  21.61473
119.0386  21.61938
119.0433  21.62403
119.0479  21.62868
119.0526  21.63333
119.0572  21.63798
119.0619  21.64263
119.0665  21.64728
119.0712  21.65193
119.0758  21.65658
119.0805  21.66123
119.0851  21.66588
119.0898  21.67053
119.0944  21.67518
119.0991  21.67983
119.1037  21.68448
119.1084  21.68913
119.1130  21.69378
119.1177  21.69843
119.1223  21.70308
119.1270  21.70773
119.1316  21.71238
119.1363  21.71703
119.1409  21.72168
119.1456  21.72633
119.1502  21.73098
119.1549  21.73563
119.1595  21.74028
119.1642  21.74493
119.1688  21.74958
119.1735  21.75423
119.1781  21.75888
119.1828  21.76353
119.1874  21.76818
119.1921  21.77283
119.1967  21.77748
119.2014  21.78213
119.2060  21.78678
119.2107  21.79143
119.2153  21.79608
119.2200  21.80073
119.2246  21.80538
119.2293  21.81003
119.2339  21.81468
119.2386  21.81933
119.2432  21.82398
119.2479  21.82863
119.2525  21.83328
119.2572  21.83793
119.2618  21.84258
119.2665  21.84723
119.2711  21.85188
119.2758  21.85653
119.2804  21.86118
119.2851  21.86583
119.2897  21.87048
119.2944  21.87513
119.2990  21.87978
119.3037  21.88443
119.3083  21.88908
119.3130  21.89373
119.3176  21.89838
119.3223  21.90303
119.3269  21.90768
119.3316  21.91233
119.3362  21.91698
119.3409  21.92163
119.3455  21.92628
119.3502  21.93093
119.3548  21.93558
119.3595  21.94023
119.3641  21.94488
119.3688  21.94953
119.3734  21.95418
119.3781  21.95883
119.3827  21.96348
119.3874  21.96813
119.3920  21.97278
119.3967  21.97743
119.4013  21.98208
119.4060  21.98673
119.4106  21.99138
119.4153  21.99603
119.4199  22.00068
119.4246  22.00533
119.4292  22.00998
119.4339  22.01463
119.4385  22.01928
119.4432  22.02393
119.4478  22.02858
119.4525  22.03323
119.4571  22.03788
119.4618  22.04253
119.4664  22.04718
119.4711  22.05183
119.4757  22.05648
119.4804  22.06113
119.4850  22.06578
119.4897  22.07043
119.4943  22.07508
119.4990  22.07973
119.5036  22.08438
119.5083  22.08903
119.5129  22.09368
119.5176  22.09833
119.5222  22.10298
119.5269  22.10763
119.5315  22.11228
119.5362  22.11693
119.5408  22.12158
119.5455  22.12623
119.5501  22.13088
119.5548  22.13553
119.5594  22.14018
119.5641  22.14483
119.5687  22.14948
119.5734  22.15413
119.5780  22.15878
119.5827  22.16343
119.5873  22.16808
119.5920  22.17273
119.5966  22.17738
119.6013  22.18203
119.6059  22.18668
119.6106  22.19133
119.6152  22.19598
119.6199  22.20063
119.6245  22.20528
119.6292  22.20993
119.6338  22.21458
119.6385  22.21923
119.6431  22.22388
119.6478  22.22853
119.6524  22.23318
119.6571  22.23783
119.6617  22.24248
119.6664  22.24713
119.6710  22.25178
119.6757  22.25643
119.6803  22.26108
119.6850  22.26573
119.6896  22.27038
119.6943  22.27503
119.6989  22.27968
119.7036  22.28433
119.7082  22.28898
119.7129  22.29363
119.7175  22.29828
119.7222  22.30293
119.7268  22.30758
119.7315  22.31223
119.7361  22.31688
119.7408  22.32153
119.7454  22.32618
119.7501  22.33083
119.7547  22.33548
119.7594  22.34013
119.7640  22.34478
119.7687  22.34943
119.7733  22.35408
119.7780  22.35873
119.7826  22.36338
119.7873  22.36803
119.7919  22.37268
119.7966  22.37733
119.8012  22.38198
119.8059  22.38663
119.8105  22.39128
119.8152  22.39593
119.8198  22.40058
119.8245  22.40523
119.8291  22.40988
119.8338  22.41453
119.8384  22.41918
119.8431  22.42383
119.8477  22.42848
119.8524  22.43313
119.8570  22.43778
119.8617  22.44243
119.8663  22.44708
119.8710  22.45173
119.8756  22.45638
119.8803  22.46103
119.8849  22.46568
119.8896  22.47033
119.8942  22.47498
119.8989  22.47963
119.9035  22.48428
119.9082  22.48893
119.9128  22.49358
119.9175  22.49823
119.9221  22.50288
119.9268  22.50753
119.9314  22.51218
119.9361  22.51683
119.9407  22.52148
119.9454  22.52613
119.9500  22.53078
119.9547  22.53543
119.9593  22.54008
119.9640  22.54473
119.9686  22.54938
119.9733  22.55403
119.9779  22.55868
119.9826  22.56333
119.9872  22.56798
119.9919  22.57263
119.9965  22.57728
120.0012  22.58193
120.0058  22.58658
120.0105  22.59123
120.0151  22.59588
120.0198  22.60053
120.0244  22.60518
120.0291  22.60983
120.0337  22.61448
120.0384  22.61913
120.0430  22.62378
120.0477  22.62843
120.0523  22.63308
120.0570  22.63773
120.0616  22.64238
120.0663  22.64703
120.0709  22.65168
120.0756  22.65633
120.0802  22.66098
120.0849  22.66563
120.0895  22.67028
120.0942  22.67493
120.0988  22.67958
120.1035  22.68423
120.1081  22.68888
120.1128  22.69353
120.1174  22.69818
120.1221  22.70283
120.1267  22.70748
120.1314  22.71213
120.1360  22.71678
120.1407  22.72143
120.1453  22.72608
120.1500  22.73073
120.1546  22.73538
120.1593  22.74003
120.1639  22.74468
120.1686  22.74933
120.1732  22.75398
120.1779  22.75863
120.1825  22.76328
120.1872  22.76793
120.1918  22.77258
120.1965  22.77723
120.2011  22.78188
120.2058  22.78653
120.2104  22.79118
120.2151  22.79583
120.2197  22.80048
120.2244  22.80513
120.2290  22.80978
120.2337  22.81443
120.2383  22.81908
120.2430  22.82373
120.2476  22.82838
120.2523  22.83303
120.2569  22.83768
120.2616  22.84233
120.2662  22.84698
120.2709  22.85163
120.2755  22.85628
120.2802  22.86093
120.2848  22.86558
120.2895  22.87023
120.2941  22.87488
120.2988  22.87953
120.3034  22.88418
120.3081  22.88883
120.3127  22.89348
120.3174  22.89813
120.3220  22.90278
120.3267  22.90743
120.3313  22.91208
120.3360  22.91673
120.3406  22.92138
120.3453  22.92603
120.3499  22.93068
120.3546  22.93533
120.3592  22.93998
120.3639  22.94463
120.3685  22.94928
120.3732  22.95393
120.3778  22.95858
120.3825  22.96323
120.3871  22.96788
120.3918  22.97253
120.3964  22.97718
120.4011  22.98183
120.4057  22.98648
120.4104  22.99113
120.4150  22.99578
120.4197  23.00043
120.4243  23.00508
120.4290  23.00973
120.4336  23.01438
120.4383  23.01903
120.4429  23.02368
120.4476  23.02833
120.4522  23.03298
120.4569  23.03763
120.4615  23.04228
120.4662  23.04693
120.4708  23.05158
120.4755  23.05623
120.4801  23.06088
120.4848  23.06553
120.4894  23.07018
120.4941  23.07483
120.4987  23.07948
120.5034  23.08413
120.5080  23.08878
120.5127  23.09343
120.5173  23.09808
120.5220  23.10273
120.5266  23.10738
120.5313  23.11203
120.5359  23.11668
120.5406  23.12133
120.5452  23.12598
120.5499  23.13063
120.5545  23.13528
120.5592  23.13993
120.5638  23.14458
120.5685  23.14923
120.5731  23.15388
120.5778  23.15853
120.5824  23.16318
120.5871  23.16783
120.5917  23.17248
120.5964  23.17713
120.6010  23.18178
120.6057  23.18643
120.6103  23.19108
120.6150  23.19573
120.6196  23.20038
120.6243  23.20503
120.6289  23.20968
120.6336  23.21433
120.6382  23.21898
120.6429  23.22363
120.6475  23.22828
120.6522  23.23293
120.6568  23.23758
120.6615  23.24223
120.6661  23.24688
120.6708  23.25153
120.6754  23.25618
120.6801  23.26083
120.6847  23.26548
120.6894  23.27013
120.6940  23.27478
120.6987  23.27943
120.7033  23.28408
120.7080  23.28873
120.7126  23.29338
120.7173  23.29803
120.7219  23.30268
120.7266  23.30733
120.7312  23.31198
120.7359  23.31663
120.7405  23.32128
120.7452  23.32593
120.7498  23.33058
120.7545  23.33523
120.7591  23.33988
120.7638  23.34453
120.7684  23.34918
120.7731  23.35383
120.7777  23.35848
120.7824  23.36313
120.7870  23.36778
120.7917  23.37243
120.7963  23.37708
120.8010  23.38173
120.8056  23.38638
120.8103  23.39103
120.8149  23.39568
120.8196  23.40033
120.8242  23.40498
120.8289  23.40963
120.8335  23.41428
120.8382  23.41893
120.8428  23.42358
120.8475  23.42823
120.8521  23.43288
120.8568  23.43753
120.8614  23.44218
120.8661  23.44683
120.8707  23.45148
120.8754  23.45613
120.8800  23.46078
120.8847  23.46543
120.8893  23.47008
120.8940  23.47473
120.8986  23.47938
120.9033  23.48403
120.9079  23.48868
120.9126  23.49333
120.9172  23.49798
120.9219  23.50263
120.9265  23.50728
120.9312  23.51193
120.9358  23.51658
120.9405  23.52123
120.9451  23.52588
120.9498  23.53053
120.9544  23.53518
120.9591  23.53983
120.9637  23.54448
120.9684  23.54913
120.9730  23.55378
120.9777  23.55843
120.9823  23.56308
120.9870  23.56773
120.9916  23.57238
120.9963  23.57703
121.0009  23.58168
121.0056  23.58633
121.0102  23.59098
121.0149  23.59563
121.0195  23.60028
121.0242  23.60493
121.0288  23.60958
121.0335  23.61423
121.0381  23.61888
121.0428  23.62353
121.0474  23.62818
121.0521  23.63283
121.0567  23.63748
121.0614  23.64213
121.0660  23.64678
121.0707  23.65143
121.0753  23.65608
121.0800  23.66073
121.0846  23.66538
121.0893  23.67003
121.0939  23.67468
121.0986  23.67933
121.1032  23.68398
121.1079  23.68863
121.1125  23.69328
121.1172  23.69793
121.1218  23.70258
121.1265  23.70723
121.1311  23.71188
121.1358  23.71653
121.1404  23.72118
121.1451  23.72583
121.1497  23.73048
121.1544  23.73513
121.1590  23.73978
121.1637  23.74443
121.1683  23.74908
121.1730  23.75373
121.1776  23.75838
121.1823  23.76303
121.1869  23.76768
121.1916  23.77233
121.1962  23.77698
121.2009  23.78163
121.2055  23.78628
121.2102  23.79093
121.2148  23.79558
121.2195  23.80023
121.2241  23.80488
121.2288  23.80953
121.2334  23.81418
121.2381  23.81883
121.2427  23.82348
121.2474  23.82813
121.2520  23.83278
121.2567  23.83743
121.2613  23.84208
121.2660  23.84673
121.2706  23.85138
121.2753  23.85603
121.2799  23.86068
121.2846  23.86533
121.2892  23.86998
121.2939  23.87463
121.2985  23.87928
121.3032  23.88393
121.3078  23.88858
121.3125  23.89323
121.3171  23.89788
121.3218  23.90253
121.3264  23.90718
121.3311  23.91183
121.3357  23.91648
121.3404  23.92113
121.3450  23.92578
121.3497  23.93043
121.3543  23.93508
121.3590  23.93973
121.3636  23.94438
121.3683  23.94903
121.3729  23.95368
121.3776  23.95833
121.3822  23.96298
121.3869  23.96763
121.3915  23.97228
121.3962  23.97693
121.4008  23.98158
121.4055  23.98623
121.4101  23.99088
121.4148  23.99553
121.4194  24.00018
121.4241  24.00483
121.4287  24.00948
121.4334  24.01413
121.4380  24.01878
121.4427  24.02343
121.4473  24.02808
121.4520  24.03273
121.4566  24.03738
121.4613  24.04203
121.4659  24.04668
121.4706  24.05133
121.4752  24.05598
121.4799  24.06063
121.4845  24.06528
121.4892  24.06993
121.4938  24.07458
121.4985  24.07923
121.5031  24.08388
121.5078  24.08853
121.5124  24.09318
121.5171  24.09783
121.5217  24.10248
121.5264  24.10713
121.5310  24.11178
121.5357  24.11643
121.5403  24.12108
121.5450  24.12573
121.5496  24.13038
121.5543  24.13503
121.5589  24.13968
121.5636  24.14433
121.5682  24.14898
121.5729  24.15363
121.5775  24.15828
121.5822  24.16293
121.5868  24.16758
121.5915  24.17223
121.5961  24.17688
121.6008  24.18153
121.6054  24.18618
121.6101  24.19083
121.6147  24.19548
121.6194  24.20013
121.6240  24.20478
121.6287  24.20943
121.6333  24.21408
121.6380  24.21873
121.6426  24.22338
121.6473  24.22803
121.6519  24.23268
121.6566  24.23733
121.6612  24.24198
121.6659  24.24663
121.6705  24.25128
121.6752  24.25593
121.6798  24.26058
121.6845  24.26523
121.6891  24.26988
121.6938  24.27453
121.6984  24.27918
121.7031  24.28383
121.7077  24.28848
121.7124  24.29313
121.7170  24.29778
121.7217  24.30243
121.7263  24.30708
121.7310  24.31173
121.7356  24.31638
121.7403  24.32103
121.7449  24.32568
121.7496  24.33033
121.7542  24.33498
121.7589  24.33963
121.7635  24.34428
121.7682  24.34893
121.7728  24.35358
121.7775  24.35823
121.7821  24.36288
121.7868  24.36753
121.7914  24.37218
121.7961  24.37683
121.8007  24.38148
121.8054  24.38613
121.8100  24.39078
121.8147  24.39543
121.8193  24.40008
121.8240  24.40473
121.8286  24.40938
121.8333  24.41403
121.8379  24.41868
121.8426  24.42333
121.8472  24.42798
121.8519  24.43263
121.8565  24.43728
121.8612  24.44193
121.8658  24.44658
121.8705  24.45123
121.8751  24.45588
121.8798  24.46053
121.8844  24.46518
121.8891  24.46983
121.8937  24.47448
121.8984  24.47913
121.9030  24.48378
121.9077  24.48843
121.9123  24.49308
121.9170  24.49773
121.9216  24.50238
121.9263  24.50703
121.9309  24.51168
121.9356  24.51633
121.9402  24.52098
121.9449  24.52563
121.9495  24.53028
121.9542  24.53493
121.9588  24.53958
121.9635  24.54423
121.9681  24.54888
121.9728  24.55353
121.9774  24.55818
121.9821  24.56283
121.9867  24.56748
121.9914  24.57213
121.9960  24.57678
122.0007  24.58143
122.0053  24.58608
122.0100  24.59073
122.0146  24.59538
122.0193  24.60003
122.0239  24.60468
122.0286  24.60933
122.0332  24.61398
122.0379  24.61863
122.0425  24.62328
122.0472  24.62793
122.0518  24.63258
122.0565  24.63723
122.0611  24.64188
122.0658  24.64653
122.0704  24.65118
122.0751  24.65583
122.0797  24.66048
122.0844  24.66513
122.0890  24.66978
122.0937  24.67443
122.0983  24.67908
122.1030  24.68373
122.1076  24.68838
122.1123  24.69303
122.1169  24.69768
122.1216  24.70233
122.1262  24.70698
122.1309  24.71163
122.1355  24.71628
122.1402  24.72093
122.1448  24.72558
122.1495  24.73023
122.1541  24.73488
122.1588  24.73953
122.1634  24.74418
122.1681  24.74883
122.1727  24.75348
122.1774  24.75813
122.1820  24.76278
122.1867  24.76743
122.1913  24.77208
122.1960  24.77673
122.2006  24.78138
122.2053  24.78603
122.2099  24.79068
122.2146  24.79533
122.2192  24.79998
122.2239  24.80463
122.2285  24.80928
122.2332  24.81393
122.2378  24.81858
122.2425  24.82323
122.2471  24.82788
122.2518  24.83253
122.2564  24.83718
122.2611  24.84183
122.2657  24.84648
122.2704  24.85113
122.2750  24.85578
122.2797  24.86043
122.2843  24.86508
122.2890  24.86973
122.2936  24.87438
122.2983  24.87903
122.3029  24.88368
122.3076  24.88833
122.3122  24.89298
122.3169  24.89763
122.3215  24.90228
122.3262  24.90693
122.3308  24.91158
122.3355  24.91623
122.3401  24.92088
122.3448  24.92553
122.3494  24.93018
122.3541  24.93483
122.3587  24.93948
122.3634  24.94413
122.3680  24.94878
122.3727  24.95343
122.3773  24.95808
122.3820  24.96273
122.3866  24.96738
122.3913  24.97203
122.3959  24.97668
122.4006  24.98133
122.4052  24.98598
122.4099  24.99063
122.4145  24.99528
122.4192  24.99993
122.4238  25.00458
122.4285  25.00923
122.4331  25.01388
122.4378  25.01853
122.4424  25.02318
122.4471  25.02783
122.4517  25.03248
122.4564  25.03713
122.4610  25.04178
122.4657  25.04643
122.4703  25.05108
122.4750  25.05573
122.4796  25.06038
122.4843  25.06503
122.4889  25.06968
122.4936  25.07433
122.4982  25.07898
122.5029  25.08363
122.5075  25.08828
122.5122  25.09293
122.5168  25.09758
122.5215  25.10223
122.5261  25.10688
122.5308  25.11153
122.5354  25.11618
122.5401  25.12083
122.5447  25.12548
122.5494  25.13013
122.5540  25.13478
122.5587  25.13943
122.5633  25.14408
122.5680  25.14873
122.5726  25.15338
122.5773  25.15803
122.5819  25.16268
122.5866  25.16733
122.5912  25.17198
122.5959  25.17663
122.6005  25.18128
122.6052  25.18593
122.6098  25.19058
122.6145  25.19523
122.6191  25.19988
122.6238  25.20453
122.6284  25.20918
122.6331  25.21383
122.6377  25.21848
122.6424  25.22313
122.6470  25.22778
122.6517  25.23243
122.6563  25.23708
122.6610  25.24173
122.6656  25.24638
122.6703  25.25103
122.6749  25.25568
122.6796  25.26033
122.6842  25.26498
122.6889  25.26963
122.6935  25.27428
122.6982  25.27893
122.7028  25.28358
122.7075  25.28823
122.7121  25.29288
122.7168  25.29753
122.7214  25.30218
122.7261  25.30683
122.7307  25.31148
122.7354  25.31613
122.7400  25.32078
122.7447  25.32543
122.7493  25.33008
122.7540  25.33473
122.7586  25.33938
122.7633  25.34403
122.7679  25.34868
122.7726  25.35333
122.7772  25.35798
122.7819  25.36263
122.7865  25.36728
122.7912  25.37193
122.7958  25.37658
122.8005  25.38123
122.8051  25.38588
122.8098  25.39053
122.8144  25.39518
122.8191  25.39983
122.8237  25.40448
122.8284  25.40913
122.8330  25.41378
122.8377  25.41843
122.8423  25.42308
122.8470  25.42773
122.8516  25.43238
122.8563  25.43703
122.8609  25.44168
122.8656  25.44633
122.8702  25.45098
122.8749  25.45563
122.8795  25.46028
122.8842  25.46493
122.8888  25.46958
122.8935  25.47423
122.8981  25.47888
122.9028  25.48353
122.9074  25.48818
122.9121  25.49283
122.9167  25.49748
122.9214  25.50213
122.9260  25.50678
122.9307  25.51143
122.9353  25.51608
122.9400  25.52073
122.9446  25.52538
122.9493  25.53003
122.9539  25.53468
122.9586  25.53933
122.9632  25.54398
122.9679  25.54863
122.9725  25.55328
122.9772  25.55793
122.9818  25.56258
122.9865  25.56723
122.9911  25.57188
122.9958  25.57653
123.0004  25.58118
123.0051  25.58583
123.0097  25.59048
123.0144  25.59513
123.0190  25.59978
123.0237  25.60443
123.0283  25.60908
123.0330  25.61373
123.0376  25.61838
123.0423  25.62303
123.0469  25.62768
123.0516  25.63233
123.0562  25.63698
123.0609  25.64163
123.0655  25.64628
123.0702  25.65093
123.0748  25.65558
123.0795  25.66023
123.0841  25.66488
123.0888  25.66953
123.0934  25.67418
123.0981  25.67883
123.1027  25.68348
123.1074  25.68813
123.1120  25.69278
123.1167  25.69743
123.1213  25.70208
123.1260  25.70673
123.1306  25.71138
123.1353  25.71603
123.1399  25.72068
123.1446  25.72533
123.1492  25.72998
123.1539  25.73463
123.1585  25.73928
123.1632  25.74393
123.1678  25.74858
123.1725  25.75323
123.1771  25.75788
123.1818  25.76253
123.1864  25.76718
123.1911  25.77183
123.1957  25.77648
123.2004  25.78113
123.2050  25.78578
123.2097  25.79043
123.2143  25.79508
123.2190  25.79973
123.2236  25.80438
123.2283  25.80903
123.2329  25.81368
123.2376  25.81833
123.2422  25.82298
123.2469  25.82763
123.2515  25.83228
123.2562  25.83693
123.2608  25.84158
123.2655  25.84623
123.2701  25.85088
123.2748  25.85553
123.2794  25.86018
123.2841  25.86483
123.2887  25.86948
123.2934  25.87413
123.2980  25.87878
123.3027  25.88343
123.3073  25.88808
123.3120  25.89273
123.3166  25.89738
123.3213  25.90203
123.3259  25.90668
123.3306  25.91133
123.3352  25.91598
123.3399  25.92063
123.3445  25.92528
123.3492  25.92993
123.3538  25.93458
123.3585  25.93923
123.3631  25.94388
123.3678  25.94853
123.3724  25.95318
123.3771  25.95783
123.3817  25.96248
123.3864  25.96713
123.3910  25.97178
123.3957  25.97643
