time,T_s
0,21.567
1,21.565
2,21.564
3,21.562
4,21.561
5,21.559
6,21.558
7,21.556
8,21.554
9,21.553
10,21.551
11,21.550
12,21.549
13,21.547
14,21.545
15,21.544
16,21.542
17,21.541
18,21.539
19,21.538
20,21.536
21,21.535
22,21.534
23,21.533
24,21.531
25,21.530
26,21.528
27,21.527
28,21.525
29,21.523
30,21.523
31,21.520
32,21.517
33,21.514
34,21.512
35,21.509
36,21.507
37,21.504
38,21.501
39,21.498
40,21.495
41,21.492
42,21.490
43,21.488
44,21.485
45,21.483
46,21.480
47,21.478
48,21.475
49,21.472
50,21.470
51,21.467
52,21.465
53,21.462
54,21.460
55,21.457
56,21.455
57,21.452
58,21.450
59,21.447
60,21.444
61,21.442
62,21.440
63,21.437
64,21.435
65,21.432
66,21.429
67,21.427
68,21.425
69,21.422
70,21.420
71,21.417
72,21.415
73,21.413
74,21.411
75,21.408
76,21.406
77,21.404
78,21.402
79,21.399
80,21.397
81,21.394
82,21.391
83,21.390
84,21.388
85,21.385
86,21.383
87,21.381
88,21.379
89,21.377
90,21.374
91,21.371
92,21.368
93,21.366
94,21.364
95,21.361
96,21.359
97,21.356
98,21.354
99,21.351
100,21.349
101,21.347
102,21.344
103,21.341
104,21.339
105,21.336
106,21.334
107,21.332
108,21.330
109,21.327
110,21.325
111,21.323
112,21.320
113,21.318
114,21.316
115,21.314
116,21.312
117,21.309
118,21.307
119,21.305
120,21.303
121,21.301
122,21.299
123,21.297
124,21.294
125,21.292
126,21.290
127,21.287
128,21.285
129,21.283
130,21.281
131,21.278
132,21.276
133,21.274
134,21.272
135,21.269
136,21.267
137,21.265
138,21.263
139,21.260
140,21.258
141,21.256
142,21.253
143,21.251
144,21.248
145,21.246
146,21.244
147,21.242
148,21.239
149,21.237
150,21.235
151,21.233
152,21.230
153,21.228
154,21.225
155,21.223
156,21.220
157,21.218
158,21.215
159,21.213
160,21.212
161,21.209
162,21.207
163,21.204
164,21.202
165,21.199
166,21.197
167,21.194
168,21.192
169,21.190
170,21.187
171,21.185
172,21.183
173,21.180
174,21.178
175,21.175
176,21.173
177,21.170
178,21.168
179,21.165
180,21.163
181,21.160
182,21.158
183,21.155
184,21.153
185,21.150
186,21.148
187,21.146
188,21.143
189,21.141
190,21.138
191,21.136
192,21.134
193,21.131
194,21.128
195,21.126
196,21.123
197,21.120
198,21.118
199,21.115
200,21.113
201,21.111
202,21.108
203,21.105
204,21.103
205,21.101
206,21.098
207,21.096
208,21.093
209,21.091
210,21.088
211,21.086
212,21.083
213,21.081
214,21.079
215,21.076
216,21.074
217,21.072
218,21.070
219,21.067
220,21.064
221,21.062
222,21.060
223,21.057
224,21.055
225,21.053
226,21.050
227,21.048
228,21.045
229,21.043
230,21.041
231,21.039
232,21.037
233,21.035
234,21.033
235,21.030
236,21.028
237,21.026
238,21.024
239,21.022
240,21.019
241,21.017
242,21.015
243,21.013
244,21.011
245,21.009
246,21.007
247,21.006
248,21.003
249,21.002
250,21.000
251,20.998
252,20.996
253,20.994
254,20.992
255,20.990
256,20.988
257,20.986
258,20.984
259,20.983
260,20.982
261,20.980
262,20.978
263,20.977
264,20.975
265,20.973
266,20.971
267,20.969
268,20.968
269,20.966
270,20.964
271,20.963
272,20.961
273,20.960
274,20.958
275,20.956
276,20.954
277,20.952
278,20.950
279,20.949
280,20.948
281,20.947
282,20.945
283,20.944
284,20.942
285,20.941
286,20.939
287,20.938
288,20.936
289,20.935
290,20.933
291,20.931
292,20.930
293,20.929
294,20.928
295,20.927
296,20.926
297,20.925
298,20.924
299,20.923
300,20.922
301,20.920
302,20.919
303,20.917
304,20.917
305,20.915
306,20.914
307,20.914
308,20.913
309,20.912
310,20.912
311,20.911
312,20.911
313,20.910
314,20.910
315,20.909
316,20.909
317,20.909
318,20.909
319,20.908
320,20.908
321,20.908
322,20.908
323,20.908
324,20.908
325,20.909
326,20.909
327,20.910
328,20.911
329,20.913
330,20.914
331,20.915
332,20.916
333,20.918
334,20.919
335,20.921
336,20.923
337,20.925
338,20.927
339,20.930
340,20.932
341,20.934
342,20.937
343,20.940
344,20.943
345,20.946
346,20.950
347,20.953
348,20.957
349,20.960
350,20.964
351,20.968
352,20.972
353,20.976
354,20.980
355,20.985
356,20.990
357,20.995
358,21.000
359,21.005
360,21.011
361,21.017
362,21.023
363,21.030
364,21.036
365,21.043
366,21.050
367,21.057
368,21.065
369,21.072
370,21.079
371,21.086
372,21.094
373,21.103
374,21.111
375,21.120
376,21.128
377,21.137
378,21.147
379,21.156
380,21.166
381,21.176
382,21.186
383,21.196
384,21.207
385,21.218
386,21.230
387,21.241
388,21.252
389,21.264
390,21.277
391,21.290
392,21.303
393,21.316
394,21.330
395,21.344
396,21.359
397,21.374
398,21.389
399,21.404
400,21.420
401,21.437
402,21.453
403,21.471
404,21.489
405,21.506
406,21.525
407,21.543
408,21.562
409,21.582
410,21.602
411,21.622
412,21.642
413,21.663
414,21.684
415,21.705
416,21.726
417,21.748
418,21.770
419,21.793
420,21.816
421,21.839
422,21.862
423,21.885
424,21.909
425,21.933
426,21.957
427,21.981
428,22.006
429,22.031
430,22.056
431,22.081
432,22.107
433,22.133
434,22.158
435,22.185
436,22.211
437,22.237
438,22.264
439,22.291
440,22.317
441,22.344
442,22.372
443,22.399
444,22.427
445,22.455
446,22.482
447,22.510
448,22.539
449,22.567
450,22.595
451,22.623
452,22.652
453,22.680
454,22.708
455,22.737
456,22.765
457,22.793
458,22.821
459,22.850
460,22.879
461,22.908
462,22.937
463,22.965
464,22.994
465,23.023
466,23.051
467,23.081
468,23.110
469,23.138
470,23.167
471,23.196
472,23.225
473,23.254
474,23.283
475,23.312
476,23.341
477,23.371
478,23.401
479,23.431
480,23.461
481,23.491
482,23.522
483,23.553
484,23.584
485,23.615
486,23.647
487,23.679
488,23.711
489,23.743
490,23.776
491,23.809
492,23.842
493,23.876
494,23.911
495,23.946
496,23.981
497,24.017
498,24.054
499,24.090
500,24.127
501,24.165
502,24.203
503,24.241
504,24.280
505,24.320
506,24.359
507,24.399
508,24.439
509,24.479
510,24.520
511,24.561
512,24.603
513,24.644
514,24.686
515,24.727
516,24.769
517,24.810
518,24.852
519,24.893
520,24.935
521,24.976
522,25.018
523,25.059
524,25.101
525,25.143
526,25.185
527,25.227
528,25.268
529,25.310
530,25.353
531,25.395
532,25.437
533,25.479
534,25.521
535,25.563
536,25.605
537,25.647
538,25.689
539,25.730
540,25.772
541,25.814
542,25.855
543,25.897
544,25.939
545,25.980
546,26.022
547,26.063
548,26.105
549,26.147
550,26.187
551,26.228
552,26.269
553,26.310
554,26.349
555,26.388
556,26.427
557,26.465
558,26.503
559,26.541
560,26.579
561,26.617
562,26.653
563,26.690
564,26.726
565,26.761
566,26.796
567,26.830
568,26.864
569,26.898
570,26.930
571,26.963
572,26.994
573,27.025
574,27.055
575,27.086
576,27.116
577,27.146
578,27.176
579,27.207
580,27.236
581,27.266
582,27.295
583,27.324
584,27.353
585,27.381
586,27.410
587,27.439
588,27.467
589,27.496
590,27.524
591,27.552
592,27.582
593,27.610
594,27.639
595,27.668
596,27.696
597,27.725
598,27.753
599,27.781
600,27.809
601,27.836
602,27.863
603,27.891
604,27.918
605,27.945
606,27.970
607,27.996
608,28.022
609,28.046
610,28.071
611,28.094
612,28.118
613,28.141
614,28.164
615,28.187
616,28.210
617,28.232
618,28.254
619,28.274
620,28.295
621,28.315
622,28.336
623,28.355
624,28.375
625,28.394
626,28.414
627,28.433
628,28.452
629,28.471
630,28.491
631,28.511
632,28.531
633,28.551
634,28.572
635,28.592
636,28.612
637,28.633
638,28.653
639,28.672
640,28.692
641,28.711
642,28.731
643,28.751
644,28.770
645,28.790
646,28.808
647,28.826
648,28.845
649,28.863
650,28.881
651,28.899
652,28.915
653,28.932
654,28.948
655,28.964
656,28.979
657,28.995
658,29.010
659,29.025
660,29.039
661,29.052
662,29.067
663,29.080
664,29.093
665,29.106
666,29.119
667,29.131
668,29.143
669,29.155
670,29.167
671,29.179
672,29.191
673,29.202
674,29.214
675,29.225
676,29.237
677,29.248
678,29.260
679,29.271
680,29.283
681,29.293
682,29.304
683,29.314
684,29.325
685,29.336
686,29.348
687,29.359
688,29.369
689,29.379
690,29.389
691,29.398
692,29.408
693,29.417
694,29.426
695,29.435
696,29.444
697,29.452
698,29.459
699,29.467
700,29.474
701,29.480
702,29.485
703,29.491
704,29.496
705,29.500
706,29.505
707,29.509
708,29.512
709,29.516
710,29.520
711,29.524
712,29.527
713,29.530
714,29.532
715,29.533
716,29.534
717,29.536
718,29.537
719,29.539
720,29.541
721,29.542
722,29.543
723,29.543
724,29.543
725,29.544
726,29.544
727,29.544
728,29.544
729,29.544
730,29.544
731,29.544
732,29.544
733,29.544
734,29.543
735,29.542
736,29.540
737,29.539
738,29.537
739,29.534
740,29.532
741,29.530
742,29.527
743,29.525
744,29.522
745,29.519
746,29.515
747,29.512
748,29.509
749,29.505
750,29.500
751,29.495
752,29.489
753,29.484
754,29.478
755,29.471
756,29.464
757,29.456
758,29.449
759,29.442
760,29.434
761,29.428
762,29.421
763,29.413
764,29.404
765,29.397
766,29.389
767,29.381
768,29.373
769,29.364
770,29.354
771,29.345
772,29.335
773,29.327
774,29.319
775,29.309
776,29.300
777,29.291
778,29.281
779,29.269
780,29.259
781,29.248
782,29.237
783,29.226
784,29.215
785,29.204
786,29.194
787,29.183
788,29.173
789,29.162
790,29.150
791,29.139
792,29.127
793,29.115
794,29.103
795,29.091
796,29.080
797,29.069
798,29.057
799,29.046
800,29.035
801,29.023
802,29.010
803,28.998
804,28.986
805,28.973
806,28.961
807,28.947
808,28.934
809,28.919
810,28.905
811,28.891
812,28.877
813,28.862
814,28.847
815,28.831
816,28.815
817,28.800
818,28.784
819,28.768
820,28.752
821,28.736
822,28.720
823,28.704
824,28.688
825,28.671
826,28.655
827,28.639
828,28.622
829,28.606
830,28.589
831,28.572
832,28.554
833,28.537
834,28.520
835,28.504
836,28.487
837,28.470
838,28.454
839,28.438
840,28.421
841,28.405
842,28.389
843,28.372
844,28.356
845,28.339
846,28.322
847,28.304
848,28.286
849,28.268
850,28.251
851,28.233
852,28.215
853,28.196
854,28.178
855,28.160
856,28.141
857,28.120
858,28.100
859,28.080
860,28.059
861,28.038
862,28.017
863,27.997
864,27.976
865,27.954
866,27.932
867,27.911
868,27.889
869,27.868
870,27.847
871,27.826
872,27.805
873,27.784
874,27.763
875,27.743
876,27.723
877,27.703
878,27.684
879,27.663
880,27.643
881,27.623
882,27.602
883,27.582
884,27.561
885,27.541
886,27.521
887,27.500
888,27.479
889,27.459
890,27.439
891,27.418
892,27.398
893,27.376
894,27.353
895,27.331
896,27.309
897,27.286
898,27.262
899,27.238
900,27.215
901,27.190
902,27.166
903,27.142
904,27.117
905,27.091
906,27.066
907,27.042
908,27.016
909,26.991
910,26.965
911,26.939
912,26.913
913,26.887
914,26.862
915,26.836
916,26.811
917,26.786
918,26.760
919,26.735
920,26.710
921,26.685
922,26.660
923,26.635
924,26.610
925,26.584
926,26.559
927,26.534
928,26.509
929,26.483
930,26.458
931,26.432
932,26.407
933,26.382
934,26.357
935,26.332
936,26.307
937,26.282
938,26.256
939,26.231
940,26.206
941,26.180
942,26.153
943,26.128
944,26.102
945,26.076
946,26.050
947,26.025
948,26.000
949,25.974
950,25.948
951,25.922
952,25.897
953,25.872
954,25.847
955,25.822
956,25.798
957,25.774
958,25.748
959,25.725
960,25.701
961,25.678
962,25.655
963,25.631
964,25.608
965,25.585
966,25.562
967,25.539
968,25.517
969,25.493
970,25.471
971,25.449
972,25.427
973,25.405
974,25.382
975,25.360
976,25.338
977,25.315
978,25.294
979,25.271
980,25.250
981,25.228
982,25.205
983,25.183
984,25.162
985,25.141
986,25.120
987,25.099
988,25.077
989,25.056
990,25.035
991,25.014
992,24.993
993,24.973
994,24.952
995,24.931
996,24.910
997,24.890
998,24.869
999,24.849
1000,24.828
1001,24.808
1002,24.789
1003,24.768
1004,24.749
1005,24.728
1006,24.708
1007,24.687
1008,24.667
1009,24.646
1010,24.626
1011,24.604
1012,24.584
1013,24.563
1014,24.542
1015,24.521
1016,24.500
1017,24.479
1018,24.460
1019,24.439
1020,24.418
1021,24.398
1022,24.377
1023,24.356
1024,24.336
1025,24.315
1026,24.295
1027,24.275
1028,24.255
1029,24.235
1030,24.215
1031,24.195
1032,24.175
1033,24.156
1034,24.136
1035,24.117
1036,24.098
1037,24.078
1038,24.059
1039,24.040
1040,24.021
1041,24.002
1042,23.983
1043,23.965
1044,23.946
1045,23.927
1046,23.908
1047,23.890
1048,23.872
1049,23.855
1050,23.838
1051,23.820
1052,23.802
1053,23.785
1054,23.767
1055,23.750
1056,23.732
1057,23.715
1058,23.698
1059,23.681
1060,23.665
1061,23.648
1062,23.632
1063,23.616
1064,23.599
1065,23.583
1066,23.568
1067,23.552
1068,23.537
1069,23.522
1070,23.507
1071,23.493
1072,23.479
1073,23.464
1074,23.451
1075,23.436
1076,23.422
1077,23.409
1078,23.395
1079,23.381
1080,23.367
1081,23.354
1082,23.341
1083,23.327
1084,23.314
1085,23.302
1086,23.289
1087,23.275
1088,23.262
1089,23.250
1090,23.238
1091,23.225
1092,23.212
1093,23.200
1094,23.188
1095,23.176
1096,23.164
1097,23.153
1098,23.141
1099,23.130
1100,23.118
1101,23.107
1102,23.097
1103,23.086
1104,23.075
1105,23.065
1106,23.054
1107,23.043
1108,23.033
1109,23.023
1110,23.012
1111,23.001
1112,22.992
1113,22.982
1114,22.972
1115,22.963
1116,22.953
1117,22.943
1118,22.934
1119,22.925
1120,22.916
1121,22.908
1122,22.899
1123,22.891
1124,22.882
1125,22.874
1126,22.865
1127,22.857
1128,22.849
1129,22.841
1130,22.833
1131,22.826
1132,22.818
1133,22.810
1134,22.803
1135,22.795
1136,22.788
1137,22.781
1138,22.774
1139,22.768
1140,22.761
1141,22.754
1142,22.747
1143,22.740
1144,22.733
1145,22.726
1146,22.720
1147,22.714
1148,22.708
1149,22.702
1150,22.695
1151,22.689
1152,22.683
1153,22.677
1154,22.672
1155,22.666
1156,22.660
1157,22.654
1158,22.649
1159,22.643
1160,22.638
1161,22.632
1162,22.626
1163,22.621
1164,22.615
1165,22.610
1166,22.604
1167,22.600
1168,22.594
1169,22.589
1170,22.583
1171,22.578
1172,22.572
1173,22.568
1174,22.563
1175,22.558
1176,22.553
1177,22.548
1178,22.543
1179,22.538
1180,22.533
1181,22.528
1182,22.523
1183,22.518
1184,22.513
1185,22.509
1186,22.504
1187,22.500
1188,22.495
1189,22.490
1190,22.486
1191,22.481
1192,22.476
1193,22.472
1194,22.468
1195,22.464
1196,22.459
1197,22.455
1198,22.451
1199,22.446
1200,22.442
1201,22.438
1202,22.433
1203,22.430
1204,22.426
1205,22.422
1206,22.418
1207,22.414
1208,22.410
1209,22.405
1210,22.401
1211,22.397
1212,22.393
1213,22.389
1214,22.385
1215,22.382
1216,22.378
1217,22.374
1218,22.369
1219,22.366
1220,22.361
1221,22.358
1222,22.354
1223,22.350
1224,22.345
1225,22.342
1226,22.337
1227,22.333
1228,22.329
1229,22.325
1230,22.322
1231,22.318
1232,22.314
1233,22.310
1234,22.306
1235,22.302
1236,22.298
1237,22.294
1238,22.290
1239,22.286
1240,22.282
1241,22.278
1242,22.274
1243,22.270
1244,22.266
1245,22.263
1246,22.258
1247,22.254
1248,22.250
1249,22.247
1250,22.243
1251,22.238
1252,22.235
1253,22.230
1254,22.226
1255,22.222
1256,22.218
1257,22.214
1258,22.210
1259,22.206
1260,22.202
1261,22.198
1262,22.195
1263,22.190
1264,22.187
1265,22.183
1266,22.179
1267,22.175
1268,22.171
1269,22.167
1270,22.164
1271,22.159
1272,22.156
1273,22.152
1274,22.149
1275,22.145
1276,22.141
1277,22.138
1278,22.134
1279,22.131
1280,22.127
1281,22.123
1282,22.119
1283,22.116
1284,22.112
1285,22.109
1286,22.106
1287,22.102
1288,22.099
1289,22.096
1290,22.092
1291,22.089
1292,22.085
1293,22.082
1294,22.078
1295,22.075
1296,22.071
1297,22.068
1298,22.065
1299,22.061
1300,22.058
1301,22.055
1302,22.052
1303,22.048
1304,22.046
1305,22.043
1306,22.040
1307,22.037
1308,22.034
1309,22.030
1310,22.027
1311,22.024
1312,22.021
1313,22.018
1314,22.015
1315,22.012
1316,22.010
1317,22.007
1318,22.004
1319,22.001
1320,21.998
1321,21.995
1322,21.992
1323,21.989
1324,21.986
1325,21.983
1326,21.979
1327,21.976
1328,21.973
1329,21.970
1330,21.967
1331,21.963
1332,21.961
1333,21.957
1334,21.953
1335,21.949
1336,21.946
1337,21.942
1338,21.939
1339,21.936
1340,21.932
1341,21.929
1342,21.926
1343,21.923
1344,21.921
1345,21.918
1346,21.915
1347,21.912
1348,21.909
1349,21.906
1350,21.903
1351,21.900
1352,21.897
1353,21.894
1354,21.891
1355,21.888
1356,21.885
1357,21.882
1358,21.879
1359,21.876
1360,21.872
1361,21.869
1362,21.866
1363,21.863
1364,21.859
1365,21.856
1366,21.853
1367,21.849
1368,21.846
1369,21.843
1370,21.840
1371,21.837
1372,21.834
1373,21.830
1374,21.827
1375,21.824
1376,21.820
1377,21.817
1378,21.814
1379,21.811
1380,21.808
1381,21.805
1382,21.802
1383,21.799
1384,21.796
1385,21.793
1386,21.790
1387,21.787
1388,21.784
1389,21.781
1390,21.778
1391,21.775
1392,21.772
1393,21.770
1394,21.767
1395,21.764
1396,21.762
1397,21.759
1398,21.756
1399,21.753
1400,21.750
1401,21.747
1402,21.744
1403,21.740
1404,21.736
1405,21.733
1406,21.730
1407,21.726
1408,21.723
1409,21.720
1410,21.717
1411,21.716
1412,21.714
1413,21.713
1414,21.711
1415,21.709
1416,21.708
1417,21.706
1418,21.705
1419,21.703
1420,21.702
1421,21.701
1422,21.699
1423,21.698
1424,21.696
1425,21.695
1426,21.693
1427,21.692
1428,21.691
1429,21.689
1430,21.688
1431,21.686
1432,21.685
1433,21.684
1434,21.683
1435,21.681
1436,21.680
1437,21.678
1438,21.677
1439,21.675
